Èìÿ           X             Y
í234           6109038,816   3321016,865 
í233           6109170,242   3321270,727 
í232           6109194,491   3321311,043 
í231           6109232,926   3321391,887 
í230           6109251,164   3321445,925 
í229           6109257,302   3321490,494 
í228           6109247,301   3321519,846 
í227           6109233,235   3321531,79 
í226           6109217,136   3321535,996 
í225           6109207,045   3321524,542 
í224           6109188,803   3321468,555 
í223           6109166,505   3321400,995 
í222           6109152,364   3321379,901 
í221           6109134,228   3321372,494 
í220           6109116,097   3321367,03 
í219           6109099,973   3321359,581 
í218           6109088,071   3321345,421 
í217           6109041,91    3321261,639 
í216           6109009,759   3321211,193 
í215           6108978,74    3321161,871 
í214           6108966,636   3321152,402 
í213           6108953,551   3321151,69 
í212           6108948,53    3321158,593 
í211           6108950,568   3321169,238 
í210           6108956,64    3321183,692 
í209           6108990,328   3321243,854 
í208           6109047,583   3321339,261 
í207           6109081,933   3321394,923 
í206           6109124,399   3321477,622 
í205           6109156,798   3321555,136 
í204           6109195,244   3321649,145 
í203           6109196,28    3321663,697 
í202           6109198,358   3321692,802 
í201           6109190,37    3321720,169 
í200           6109176,314   3321736,969 
í199           6109152,202   3321758,825 
í198           6109125,046   3321771,032 
í197           6109099,902   3321781,254 
í196           6109072,747   3321790,543 
í195           6109051,612   3321793,884 
í194           6109034,614   3321794,548 
í104           6109405,58    3321321,796 
í335           6109280,145   3321176,295 
í334           6109040,302   3320856,832 
í333           6108999,823   3320802,134 
í332           6108965,574   3320761,648 
í331           6108941,816   3320728,512 
í330           6108933,397   3320701,119 
í329           6108933,347   3320677,587 
í328           6108937,473   3320653,303 
í327           6108944,374   3320624,925 
í326           6108958,243   3320597,759 
í325           6108974,882   3320562,464 
í324           6109001,259   3320520,251 
í323           6109035,969   3320494,646 
í322           6109076,346   3320456,887 
í134           6109538,867   3322104,418 
í135           6109559,884   3322092,711 
í136           6109575,75    3322082,164 
í137           6109575,639   3322031,033 
í138           6109562,822   3321925,193 
í139           6109550,318   3321852,865 
í140           6109540,924   3321723,417 
í141           6109538,391   3321608,112 
í142           6109531,47    3321524,439 
í143           6109514,269   3321508,624 
í144           6109397,035   3321513,181 
í145           6109400,397   3321490,04 
í146           6109396,929   3321465,941 
í147           6109382,069   3321437,677 
í148           6109367,225   3321414,903 
í149           6109346,687   3321394,443 
í150           6109317,256   3321380,463 
í151           6109289,438   3321378,468 
í152           6109276,201   3321381,293 
í153           6109273,577   3321392,851 
í154           6109276,267   3321410,692 
í155           6109281,586   3321420,811 
í156           6109293,579   3321453,807 
í157           6109296,319   3321494,654 
í158           6109289,771   3321526,743 
í159           6109272,596   3321546,264 
í160           6109242,174   3321564,77 
í161           6109205,113   3321575,745 
í162           6109194,536   3321583,627 
í163           6109193,237   3321596,437 
í164           6109198,566   3321609,113 
í165           6109213,213   3321643,331 
í166           6109222,587   3321690,441 
í167           6109220,089   3321758,238 
í168           6109221,495   3321795,28 
í169           6109226,834   3321814,348 
í170           6109240,101   3321824,308 
í171           6109263,95    3321827,663 
í172           6109263,976   3321840,447 
í173           6109238,963   3321838,308 
í174           6109224,25    3321843,803 
í175           6109215,872   3321857,355 
í176           6109218,416   3321870,933 
í177           6109228,315   3321884,625 
í178           6109268,496   3321930,137 
í179           6109235,055   3321938,178 
í180           6109234,362   3321924,131 
í181           6109208,172   3321925,951 
í182           6109209,906   3321943,797 
í183           6109164,888   3321949,818 
í184           6109165,52    3321935,101 
í185           6109139,693   3321936,261 
í186           6109139,734   3321954,159 
í187           6109122,518   3321955,782 
í188           6109114,464   3321907,368 
í189           6109109,024   3321842,283 
í190           6109108,983   3321824,39 
í191           6109097,046   3321815,683 
í192           6109073,202   3321813,606 
í193           6109041,045   3321815,183 
í194           6109034,614   3321794,548 
í195           6109051,612   3321793,884 
í196           6109072,747   3321790,543 
í197           6109099,902   3321781,254 
í198           6109125,046   3321771,032 
í199           6109152,202   3321758,825 
í200           6109176,314   3321736,969 
í201           6109190,37    3321720,169 
í202           6109198,358   3321692,802 
í203           6109196,28    3321663,697 
í204           6109195,244   3321649,145 
í205           6109156,798   3321555,136 
í206           6109124,399   3321477,622 
í207           6109081,933   3321394,923 
í208           6109047,583   3321339,261 
í209           6108990,328   3321243,854 
í210           6108956,64    3321183,692 
í211           6108950,568   3321169,238 
í212           6108948,53    3321158,593 
í213           6108953,551   3321151,69 
í214           6108966,636   3321152,402 
í215           6108978,74    3321161,871 
í216           6109009,759   3321211,193 
í217           6109041,91    3321261,639 
í218           6109088,071   3321345,421 
í219           6109099,973   3321359,581 
í220           6109116,097   3321367,03 
í221           6109134,228   3321372,494 
í222           6109152,364   3321379,901 
í223           6109166,505   3321400,995 
í224           6109188,803   3321468,555 
í225           6109207,045   3321524,542 
í226           6109217,136   3321535,996 
í227           6109233,235   3321531,79 
í228           6109247,301   3321519,846 
í229           6109257,302   3321490,494 
í230           6109251,164   3321445,925 
í231           6109232,926   3321391,887 
í232           6109194,491   3321311,043 
í233           6109170,242   3321270,727 
í234           6109038,816   3321016,865 
í235           6109019,026   3320976,77 
í236           6108987,785   3320923,711 
í237           6108949,233   3320858,013 
í238           6108913,295   3320778,205 
í239           6108897,343   3320751,044 
í240           6108877,432   3320731,631 
í241           6108858,204   3320721,151 
í242           6108836,342   3320716,476 
í243           6108797,931   3320714,692 
í244           6108751,588   3320720,739 
í245           6108706,549   3320715,254 
í246           6108671,409   3320697,423 
í247           6108630,951   3320668,2 
í248           6108618,994   3320651,823 
í249           6108617,649   3320641,622 
í250           6108625,587   3320637,627 
í251           6108637,509   3320639,946 
í252           6108660,059   3320654,829 
í253           6108686,582   3320672,195 
í254           6108705,153   3320684,603 
í255           6108734,311   3320694,243 
í256           6108764,774   3320694,908 
í257           6108792,582   3320691,794 
í258           6108808,453   3320681,247 
í259           6108819,015   3320666,973 
í260           6108825,618   3320657,891 
í261           6108845,473   3320652,38 
í262           6108860,009   3320639,302 
í263           6108869,236   3320618,667 
í264           6108871,85    3320601,996 
í265           6108869,15    3320579,042 
í266           6108862,487   3320561,278 
í267           6108850,524   3320541,066 
í268           6108823,995   3320523,704 
í269           6108775,619   3320508,698 
í270           6108730,575   3320502,575 
í271           6108664,998   3320493,667 
í272           6108653,728   3320488,141 
í273           6108648,409   3320479,94 
í274           6108650,376   3320470,949 
í275           6108664,938   3320466,82 
í276           6108691,426   3320467,568 
í277           6108725,873   3320471,991 
í278           6108768,935   3320479,429 
í279           6108818,641   3320497,605 
í280           6108849,134   3320512,333 
í281           6108859,746   3320520,426 
í282           6108879,242   3320539,782 
í283           6108892,373   3320558,742 
í284           6108901,489   3320561,855 
í285           6108910,013   3320557,288 
í286           6108919,089   3320543,922 
í287           6108927,012   3320522,89 
í288           6108932,058   3320488,729 
í289           6108933,099   3320444,763 
í290           6108926,203   3320415,787 
í291           6108910,205   3320387,549 
í292           6108885,092   3320355,094 
í293           6108840,038   3320312,602 
í294           6108777,884   3320258,925 
í295           6108753,368   3320239,094 
í296           6108735,929   3320228,908 
í297           6108734,549   3320203,371 
í298           6108723,936   3320195,917 
í299           6108701,417   3320193,814 
í300           6108665,645   3320189,417 
í301           6108644,435   3320180,896 
í302           6108636,457   3320165,72 
í303           6108633,782   3320154,265 
í304           6108637,736   3320146,518 
í305           6108649,653   3320143,719 
í306           6108664,225   3320145,987 
í307           6108694,687   3320146,652 
í308           6108722,516   3320153,76 
í309           6108751,694   3320172,349 
í310           6108792,83    3320206,036 
í311           6108859,18    3320266,059 
í312           6108869,798   3320274,791 
í313           6108884,359   3320271,941 
í314           6108901,555   3320261,368 
í315           6108925,247   3320241,403 
í316           6108919,433   3320261,012 
í317           6108914,645   3320279,92 
í318           6108919,534   3320295,622 
í319           6108965,336   3320357,238 
í320           6109040,398   3320459,908 
í321           6109055,637   3320465,356 
í322           6109076,346   3320456,887 
í323           6109035,969   3320494,646 
í324           6109001,259   3320520,251 
í325           6108974,882   3320562,464 
í326           6108958,243   3320597,759 
í327           6108944,374   3320624,925 
í328           6108937,473   3320653,303 
í329           6108933,347   3320677,587 
í330           6108933,397   3320701,119 
í331           6108941,816   3320728,512 
í332           6108965,574   3320761,648 
í333           6108999,823   3320802,134 
í334           6109040,302   3320856,832 
í335           6109280,145   3321176,295 
í104           6109405,58    3321321,796 
í103           6109569,506   3321533,723 
í102           6109601,87    3321567,157 
í133           6109623,53    3321561,43 
í132           6109648,208   3321533,867 
í131           6109656,404   3321509,825 
í130           6109659,084   3321477,401 
í129           6109667,183   3321446,059 
í128           6109683,135   3321415,888 
í127           6109704,001   3321402,201 
í126           6109725,596   3321397,165 
í125           6109764,411   3321371,798 
í124           6109810,486   3321320,987 
í123           6109825,25    3321290,959 
í122           6109833,916   3321226,591 
í121           6109840,418   3321182,944 
í120           6109849,155   3321156,763 
í119           6109863,949   3321133,648 
í118           6109880,983   3321127,999 
í117           6109897,48    3321130,318 
í116           6109915,106   3321142,7 
í115           6109934,925   3321155,567 
í114           6109950,306   3321148,891 
í113           6109964,574   3321136,401 
í112           6109987,589   3321102,503 
í111           6109996,902   3321086,399 
í110           6110001,265   3321071,45 
í109           6110010,038   3321059,068 
í108           6110021,565   3321050,877 
í107           6110038,053   3321048,954 
í106           6110050,142   3321045,526 
í90            6110057,423   3321053,521 
í89            6110041,673   3321076,13 
í88            6109981,122   3321178,243 
í87            6109909,63    3321278,227 
í86            6109857,467   3321326,208 
í85            6109821,089   3321366,829 
í84            6109778,633   3321405,222 
í83            6109727,689   3321454,348 
í82            6109697,368   3321484,288 
í81            6109683,08    3321515,124 
í80            6109673,185   3321541,089 
í79            6109645,336   3321590,926 
í78            6109638,228   3321613,278 
í77            6109638,713   3321621,118 
í76            6109644,315   3321623,505 
í75            6109659,994   3321623,479 
í74            6109685,491   3321608,886 
í73            6109726,754   3321579,9 
í72            6109737,685   3321577,333 
í71            6109743,777   3321583,075 
í70            6109743,792   3321588,942 
í69            6109720,737   3321607,004 
í68            6109668,554   3321646,769 
í67            6109642,788   3321691,054 
í66            6109634,734   3321743,655 
í65            6109631,417   3321890,372 
í64            6109622,058   3322057,153 
í63            6109619,707   3322091,221 
í62            6109610,04    3322117,228 
í61            6109602,8     3322140,837 
í60            6109604,039   3322151,373 
í59            6109615,228   3322156,477 
í58            6109655,914   3322156,719 
í57            6109701,276   3322149,414 
í336           6109687,195   3322169,405 
í337           6109663,381   3322180,107 
í338           6109636,918   3322190,865 
í339           6109605,106   3322178,725 
í340           6109575,922   3322158,858 
í341           6109544,1     3322141,6 
í342           6109130,522   3321085,1 
í343           6109121,244   3321082,729 
í344           6109117,285   3321089,203 
í345           6109118,64    3321103,235 
í346           6109122,655   3321121,05 
í347           6109128,666   3321143,938 
í348           6109132,671   3321159,835 
í349           6109136,013   3321173,191 
í350           6109141,326   3321179,475 
í351           6109149,269   3321178,676 
í352           6109157,212   3321176,599 
í353           6109167,79    3321168,717 
í354           6109169,099   3321161,021 
í355           6109167,754   3321153,381 
í356           6109161,116   3321144,566 
í357           6109153,142   3321133,221 
í358           6109146,499   3321123,127 
í359           6109141,16    3321105,338 
í360           6109590,16    3321861,046 
í361           6109583,213   3321862,783 
í362           6109580,25    3321870,516 
í363           6109578,612   3321879,495 
í364           6109578       3321901,878 
í365           6109576,716   3321920,441 
í366           6109577,409   3321933,848 
í367           6109578,754   3321942,132 
í368           6109611,86    3321940,823 
í369           6109613,175   3321936,323 
í370           6109613,155   3321927,374 
í371           6109609,15    3321914,033 
í372           6109606,445   3321888,522 
í373           6109601,769   3321869,444 
í374           6109597,117   3321861,866 
í102           6109601,87    3321567,157 
í103           6109569,506   3321533,723 
í104           6109405,58    3321321,796 
í106           6110050,142   3321045,526 
í107           6110038,053   3321048,954 
í108           6110021,565   3321050,877 
í109           6110010,038   3321059,068 
í110           6110001,265   3321071,45 
í111           6109996,902   3321086,399 
í112           6109987,589   3321102,503 
í113           6109964,574   3321136,401 
í114           6109950,306   3321148,891 
í115           6109934,925   3321155,567 
í116           6109915,106   3321142,7 
í117           6109897,48    3321130,318 
í118           6109880,983   3321127,999 
í119           6109863,949   3321133,648 
í120           6109849,155   3321156,763 
í121           6109840,418   3321182,944 
í122           6109833,916   3321226,591 
í123           6109825,25    3321290,959 
í124           6109810,486   3321320,987 
í125           6109764,411   3321371,798 
í126           6109725,596   3321397,165 
í127           6109704,001   3321402,201 
í128           6109683,135   3321415,888 
í129           6109667,183   3321446,059 
í130           6109659,084   3321477,401 
í131           6109656,404   3321509,825 
í132           6109648,208   3321533,867 
í133           6109623,53    3321561,43 
í57            6109701,276   3322149,414 
í58            6109655,914   3322156,719 
í59            6109615,228   3322156,477 
í60            6109604,039   3322151,373 
í61            6109602,8     3322140,837 
í62            6109610,04    3322117,228 
í63            6109619,707   3322091,221 
í64            6109622,058   3322057,153 
í65            6109631,417   3321890,372 
í66            6109634,734   3321743,655 
í67            6109642,788   3321691,054 
í68            6109668,554   3321646,769 
í69            6109720,737   3321607,004 
í70            6109743,792   3321588,942 
í71            6109743,777   3321583,075 
í72            6109737,685   3321577,333 
í73            6109726,754   3321579,9 
í74            6109685,491   3321608,886 
í75            6109659,994   3321623,479 
í76            6109644,315   3321623,505 
í77            6109638,713   3321621,118 
í78            6109638,228   3321613,278 
í79            6109645,336   3321590,926 
í80            6109673,185   3321541,089 
í81            6109683,08    3321515,124 
í82            6109697,368   3321484,288 
í83            6109727,689   3321454,348 
í84            6109778,633   3321405,222 
í85            6109821,089   3321366,829 
í86            6109857,467   3321326,208 
í87            6109909,63    3321278,227 
í88            6109981,122   3321178,243 
í89            6110041,673   3321076,13 
í90            6110057,423   3321053,521 
